{
  "accuracy": 0.5817344589409056,
  "precision": 0.5841446453407511,
  "recall": 0.6306306306306306,
  "f1": 0.6064981949458483,
  "weights": {
    "ProposedNet": 2.154552698121289,
    "ShallowNet": -0.05535765283568724,
    "RandomForest": -0.8697580208992729
  }
}